-1.0 -1.0|16.371887
-0.8 -1.0|-5.717626
-0.6 -1.0|3.536964
-0.3999999999999999 -1.0|-29.289018
-0.19999999999999996 -1.0|33.936222
0.0 -1.0|-42.374318
0.20000000000000018 -1.0|-1.665496
0.40000000000000013 -1.0|11.564825
0.6000000000000001 -1.0|-3.657180
0.8 -1.0|4.754918
1.0 -1.0|5.422261
-1.0 -0.8|-0.336887
-0.8 -0.8|7.284421
-0.6 -0.8|-15.904684
-0.3999999999999999 -0.8|2.846619
-0.19999999999999996 -0.8|18.273433
0.0 -0.8|15.597004
0.20000000000000018 -0.8|-1.459054
0.40000000000000013 -0.8|-21.398351
0.6000000000000001 -0.8|-2.077692
0.8 -0.8|-2.241799
1.0 -0.8|8.151402
-1.0 -0.6|-10.701255
-0.8 -0.6|-12.269448
-0.6 -0.6|-22.895137
-0.3999999999999999 -0.6|28.842984
-0.19999999999999996 -0.6|14.928770
0.0 -0.6|-60.481347
0.20000000000000018 -0.6|-14.898645
0.40000000000000013 -0.6|6.266894
0.6000000000000001 -0.6|17.862061
0.8 -0.6|1.593829
1.0 -0.6|4.775790
-1.0 -0.3999999999999999|-6.970492
-0.8 -0.3999999999999999|13.687755
-0.6 -0.3999999999999999|-43.797141
-0.3999999999999999 -0.3999999999999999|-74.848332
-0.19999999999999996 -0.3999999999999999|46.488413
0.0 -0.3999999999999999|-1.537742
0.20000000000000018 -0.3999999999999999|60.422914
0.40000000000000013 -0.3999999999999999|50.372876
0.6000000000000001 -0.3999999999999999|-17.493448
0.8 -0.3999999999999999|9.728919
1.0 -0.3999999999999999|-3.530971
-1.0 -0.19999999999999996|2.013480
-0.8 -0.19999999999999996|0.942720
-0.6 -0.19999999999999996|23.211442
-0.3999999999999999 -0.19999999999999996|-15.028957
-0.19999999999999996 -0.19999999999999996|154.993516
0.0 -0.19999999999999996|-86.899351
0.20000000000000018 -0.19999999999999996|-137.039473
0.40000000000000013 -0.19999999999999996|51.840767
0.6000000000000001 -0.19999999999999996|-49.325746
0.8 -0.19999999999999996|22.009787
1.0 -0.19999999999999996|22.732705
-1.0 0.0|34.665412
-0.8 0.0|13.871212
-0.6 0.0|-3.518761
-0.3999999999999999 0.0|6.876566
-0.19999999999999996 0.0|-118.899303
0.0 0.0|65.683481
0.20000000000000018 0.0|57.582198
0.40000000000000013 0.0|27.113922
0.6000000000000001 0.0|22.051435
0.8 0.0|-6.754061
1.0 0.0|14.719100
-1.0 0.20000000000000018|-9.505994
-0.8 0.20000000000000018|-8.131260
-0.6 0.20000000000000018|-15.222233
-0.3999999999999999 0.20000000000000018|15.493184
-0.19999999999999996 0.20000000000000018|-74.286550
0.0 0.20000000000000018|78.786355
0.20000000000000018 0.20000000000000018|65.681390
0.40000000000000013 0.20000000000000018|-113.291626
0.6000000000000001 0.20000000000000018|-26.264438
0.8 0.20000000000000018|23.102661
1.0 0.20000000000000018|-23.190164
-1.0 0.40000000000000013|11.502629
-0.8 0.40000000000000013|-12.636464
-0.6 0.40000000000000013|-46.809770
-0.3999999999999999 0.40000000000000013|29.374787
-0.19999999999999996 0.40000000000000013|28.178963
0.0 0.40000000000000013|-121.249678
0.20000000000000018 0.40000000000000013|17.276962
0.40000000000000013 0.40000000000000013|-19.769211
0.6000000000000001 0.40000000000000013|-6.080437
0.8 0.40000000000000013|14.210350
1.0 0.40000000000000013|-29.618769
-1.0 0.6000000000000001|3.089133
-0.8 0.6000000000000001|31.688797
-0.6 0.6000000000000001|-28.690194
-0.3999999999999999 0.6000000000000001|42.494057
-0.19999999999999996 0.6000000000000001|40.918853
0.0 0.6000000000000001|1.282937
0.20000000000000018 0.6000000000000001|50.295369
0.40000000000000013 0.6000000000000001|28.390414
0.6000000000000001 0.6000000000000001|22.383182
0.8 0.6000000000000001|0.441678
1.0 0.6000000000000001|-5.462401
-1.0 0.8|-13.071377
-0.8 0.8|-13.931362
-0.6 0.8|2.608252
-0.3999999999999999 0.8|-9.089849
-0.19999999999999996 0.8|-14.927026
0.0 0.8|-6.006731
0.20000000000000018 0.8|-9.793853
0.40000000000000013 0.8|-43.187776
0.6000000000000001 0.8|-3.175575
0.8 0.8|4.287413
1.0 0.8|-34.269765
-1.0 1.0|-7.676482
-0.8 1.0|2.428019
-0.6 1.0|-15.983502
-0.3999999999999999 1.0|17.852185
-0.19999999999999996 1.0|28.035442
0.0 1.0|-12.041343
0.20000000000000018 1.0|-6.367738
0.40000000000000013 1.0|1.386712
0.6000000000000001 1.0|4.171107
0.8 1.0|18.635367
1.0 1.0|-2.542400
