-0.5889218020846501 0.703537292421579|4.604150
-0.440673611945277 -0.33148137250027365|177.621164
-0.9729461620183593 0.821993908611645|-65.874194
-0.3016989042896743 0.6702116284286861|-2.177121
-0.17344306251662678 0.3230414142528204|1.787954
0.37852553949154255 0.8467907766524174|-5.536654
-0.5187009360462398 0.24285130639482277|-0.860191
-0.7114850237968 -0.8419860168393876|-1.835062
-0.42533601648101427 -0.3343903444721613|167.301397
-0.5590616062266275 -0.30923262270837837|153.316109
-0.4833635071792399 -0.32192824347258875|191.703264
-0.46715958522081663 -0.22884906990374207|156.438517
0.19921926604879836 -0.6385651078378829|-16.942049
0.8741963690023775 0.12693309130063057|6.679614
-0.46297810045508925 -0.5920779248840016|82.533099
0.9505405268554676 -0.9478573258843412|-1.762177
0.8550766057575647 -0.3625584522729248|-2.858811
-0.5638269215057503 -0.41922586750864443|-75.675360
-0.3372748834004535 -0.736336000246747|-7.564166
-0.571471540988956 -0.20879735112961056|133.462257
-0.7573870163514635 0.42878769920506765|15.724948
0.9519582565485489 0.6701224917883197|-21.023551
0.5060235415191012 -0.847767199411088|-4.664701
0.4310752513884133 -0.025336826315974115|5.917166
-0.45691708470010295 0.36279111237827033|8.745699
0.21592343212355924 0.4089289570756185|-12.792229
-0.4899221978671142 0.9422253173586843|19.176851
-0.012425617533577515 0.8372666347710067|30.999242
