-1.0 -1.0|16.371887
-0.9 -1.0|-17.603104
-0.8 -1.0|-5.717626
-0.7 -1.0|0.037935
-0.6 -1.0|3.536964
-0.5 -1.0|5.322598
-0.3999999999999999 -1.0|-29.289018
-0.29999999999999993 -1.0|35.569245
-0.19999999999999996 -1.0|33.936222
-0.09999999999999998 -1.0|-28.967152
0.0 -1.0|-42.374318
0.10000000000000009 -1.0|-19.947487
0.20000000000000018 -1.0|-1.665496
0.30000000000000004 -1.0|7.962408
0.40000000000000013 -1.0|11.564825
0.5 -1.0|4.664914
0.6000000000000001 -1.0|-3.657180
0.7000000000000002 -1.0|25.380857
0.8 -1.0|4.754918
0.9000000000000001 -1.0|-12.824097
1.0 -1.0|5.422261
-1.0 -0.9|-23.296160
-0.9 -0.9|-14.960415
-0.8 -0.9|4.767319
-0.7 -0.9|7.750712
-0.6 -0.9|2.347890
-0.5 -0.9|-23.730819
-0.3999999999999999 -0.9|46.324918
-0.29999999999999993 -0.9|5.764217
-0.19999999999999996 -0.9|-14.067433
-0.09999999999999998 -0.9|8.403563
0.0 -0.9|-10.156575
0.10000000000000009 -0.9|-22.124612
0.20000000000000018 -0.9|-16.101608
0.30000000000000004 -0.9|-8.258791
0.40000000000000013 -0.9|-3.242458
0.5 -0.9|-1.817494
0.6000000000000001 -0.9|1.802422
0.7000000000000002 -0.9|19.653347
0.8 -0.9|1.489216
0.9000000000000001 -0.9|31.901819
1.0 -0.9|-6.295722
-1.0 -0.8|-0.336887
-0.9 -0.8|9.381714
-0.8 -0.8|7.284421
-0.7 -0.8|-5.351383
-0.6 -0.8|-15.904684
-0.5 -0.8|26.777348
-0.3999999999999999 -0.8|2.846619
-0.29999999999999993 -0.8|25.296293
-0.19999999999999996 -0.8|18.273433
-0.09999999999999998 -0.8|-6.585519
0.0 -0.8|15.597004
0.10000000000000009 -0.8|17.017538
0.20000000000000018 -0.8|-1.459054
0.30000000000000004 -0.8|-15.372658
0.40000000000000013 -0.8|-21.398351
0.5 -0.8|-18.197912
0.6000000000000001 -0.8|-2.077692
0.7000000000000002 -0.8|12.830168
0.8 -0.8|-2.241799
0.9000000000000001 -0.8|12.634424
1.0 -0.8|8.151402
-1.0 -0.7|-32.398274
-0.9 -0.7|-9.400385
-0.8 -0.7|-5.666846
-0.7 -0.7|3.836559
-0.6 -0.7|1.716561
-0.5 -0.7|-8.188330
-0.3999999999999999 -0.7|32.284408
-0.29999999999999993 -0.7|25.174453
-0.19999999999999996 -0.7|3.639021
-0.09999999999999998 -0.7|37.231752
0.0 -0.7|16.822619
0.10000000000000009 -0.7|-6.563549
0.20000000000000018 -0.7|7.328985
0.30000000000000004 -0.7|30.979267
0.40000000000000013 -0.7|37.930737
0.5 -0.7|22.545902
0.6000000000000001 -0.7|0.906255
0.7000000000000002 -0.7|-4.747864
0.8 -0.7|0.068836
0.9000000000000001 -0.7|5.990810
1.0 -0.7|2.697615
-1.0 -0.6|-10.701255
-0.9 -0.6|-8.094104
-0.8 -0.6|-12.269448
-0.7 -0.6|13.022416
-0.6 -0.6|-22.895137
-0.5 -0.6|-5.747739
-0.3999999999999999 -0.6|28.842984
-0.29999999999999993 -0.6|-21.685997
-0.19999999999999996 -0.6|14.928770
-0.09999999999999998 -0.6|-7.920862
0.0 -0.6|-60.481347
0.10000000000000009 -0.6|-52.317764
0.20000000000000018 -0.6|-14.898645
0.30000000000000004 -0.6|4.077481
0.40000000000000013 -0.6|6.266894
0.5 -0.6|14.583498
0.6000000000000001 -0.6|17.862061
0.7000000000000002 -0.6|-7.070615
0.8 -0.6|1.593829
0.9000000000000001 -0.6|4.607611
1.0 -0.6|4.775790
-1.0 -0.5|0.000551
-0.9 -0.5|-0.771532
-0.8 -0.5|1.904341
-0.7 -0.5|11.167761
-0.6 -0.5|-50.040557
-0.5 -0.5|8.201933
-0.3999999999999999 -0.5|-34.543108
-0.29999999999999993 -0.5|-41.584819
-0.19999999999999996 -0.5|-0.203614
-0.09999999999999998 -0.5|-45.698685
0.0 -0.5|-64.741053
0.10000000000000009 -0.5|-12.471221
0.20000000000000018 -0.5|43.530980
0.30000000000000004 -0.5|49.629084
0.40000000000000013 -0.5|9.609278
0.5 -0.5|-38.088277
0.6000000000000001 -0.5|-43.384178
0.7000000000000002 -0.5|-2.992405
0.8 -0.5|-25.586282
0.9000000000000001 -0.5|-10.986152
1.0 -0.5|8.997770
-1.0 -0.3999999999999999|-6.970492
-0.9 -0.3999999999999999|1.328095
-0.8 -0.3999999999999999|13.687755
-0.7 -0.3999999999999999|1.152771
-0.6 -0.3999999999999999|-43.797141
-0.5 -0.3999999999999999|-1.899036
-0.3999999999999999 -0.3999999999999999|-74.848332
-0.29999999999999993 -0.3999999999999999|-25.540198
-0.19999999999999996 -0.3999999999999999|46.488413
-0.09999999999999998 -0.3999999999999999|22.807136
0.0 -0.3999999999999999|-1.537742
0.10000000000000009 -0.3999999999999999|20.943179
0.20000000000000018 -0.3999999999999999|60.422914
0.30000000000000004 -0.3999999999999999|73.753375
0.40000000000000013 -0.3999999999999999|50.372876
0.5 -0.3999999999999999|16.847294
0.6000000000000001 -0.3999999999999999|-17.493448
0.7000000000000002 -0.3999999999999999|-40.916810
0.8 -0.3999999999999999|9.728919
0.9000000000000001 -0.3999999999999999|-32.021462
1.0 -0.3999999999999999|-3.530971
-1.0 -0.29999999999999993|-8.070925
-0.9 -0.29999999999999993|6.262160
-0.8 -0.29999999999999993|12.484549
-0.7 -0.29999999999999993|0.845091
-0.6 -0.29999999999999993|-14.521499
-0.5 -0.29999999999999993|5.573736
-0.3999999999999999 -0.29999999999999993|-61.445060
-0.29999999999999993 -0.29999999999999993|29.492905
-0.19999999999999996 -0.29999999999999993|137.941714
-0.09999999999999998 -0.29999999999999993|93.098255
0.0 -0.29999999999999993|-30.466614
0.10000000000000009 -0.29999999999999993|-101.328972
0.20000000000000018 -0.29999999999999993|-74.458213
0.30000000000000004 -0.29999999999999993|-14.152540
0.40000000000000013 -0.29999999999999993|-2.292828
0.5 -0.29999999999999993|-28.886919
0.6000000000000001 -0.29999999999999993|-19.230688
0.7000000000000002 -0.29999999999999993|5.887952
0.8 -0.29999999999999993|-16.225413
0.9000000000000001 -0.29999999999999993|35.747572
1.0 -0.29999999999999993|-41.842290
-1.0 -0.19999999999999996|2.013480
-0.9 -0.19999999999999996|12.115643
-0.8 -0.19999999999999996|0.942720
-0.7 -0.19999999999999996|2.906694
-0.6 -0.19999999999999996|23.211442
-0.5 -0.19999999999999996|47.943386
-0.3999999999999999 -0.19999999999999996|-15.028957
-0.29999999999999993 -0.19999999999999996|56.516194
-0.19999999999999996 -0.19999999999999996|154.993516
-0.09999999999999998 -0.19999999999999996|85.126362
0.0 -0.19999999999999996|-86.899351
0.10000000000000009 -0.19999999999999996|-184.770259
0.20000000000000018 -0.19999999999999996|-137.039473
0.30000000000000004 -0.19999999999999996|-15.202936
0.40000000000000013 -0.19999999999999996|51.840767
0.5 -0.19999999999999996|9.895617
0.6000000000000001 -0.19999999999999996|-49.325746
0.7000000000000002 -0.19999999999999996|-20.385839
0.8 -0.19999999999999996|22.009787
0.9000000000000001 -0.19999999999999996|9.269595
1.0 -0.19999999999999996|22.732705
-1.0 -0.09999999999999998|21.881484
-0.9 -0.09999999999999998|9.800586
-0.8 -0.09999999999999998|-3.722936
-0.7 -0.09999999999999998|-15.085583
-0.6 -0.09999999999999998|36.462949
-0.5 -0.09999999999999998|87.063390
-0.3999999999999999 -0.09999999999999998|16.794809
-0.29999999999999993 -0.09999999999999998|-1.983923
-0.19999999999999996 -0.09999999999999998|44.213936
-0.09999999999999998 -0.09999999999999998|26.624057
0.0 -0.09999999999999998|-41.132838
0.10000000000000009 -0.09999999999999998|-79.793163
0.20000000000000018 -0.09999999999999998|-61.912378
0.30000000000000004 -0.09999999999999998|13.041862
0.40000000000000013 -0.09999999999999998|97.938045
0.5 -0.09999999999999998|89.507283
0.6000000000000001 -0.09999999999999998|7.639152
0.7000000000000002 -0.09999999999999998|-32.299961
0.8 -0.09999999999999998|11.662282
0.9000000000000001 -0.09999999999999998|7.211355
1.0 -0.09999999999999998|50.833876
-1.0 0.0|34.665412
-0.9 0.0|-1.118484
-0.8 0.0|13.871212
-0.7 0.0|-41.559189
-0.6 0.0|-3.518761
-0.5 0.0|67.889612
-0.3999999999999999 0.0|6.876566
-0.29999999999999993 0.0|-102.758302
-0.19999999999999996 0.0|-118.899303
-0.09999999999999998 0.0|-42.758784
0.0 0.0|65.683481
0.10000000000000009 0.0|115.292071
0.20000000000000018 0.0|57.582198
0.30000000000000004 0.0|-9.927673
0.40000000000000013 0.0|27.113922
0.5 0.0|70.758517
0.6000000000000001 0.0|22.051435
0.7000000000000002 0.0|-1.431424
0.8 0.0|-6.754061
0.9000000000000001 0.0|25.893129
1.0 0.0|14.719100
-1.0 0.10000000000000009|15.174208
-0.9 0.10000000000000009|15.861405
-0.8 0.10000000000000009|16.758742
-0.7 0.10000000000000009|-22.066529
-0.6 0.10000000000000009|-47.681944
-0.5 0.10000000000000009|3.711238
-0.3999999999999999 0.10000000000000009|-17.836791
-0.29999999999999993 0.10000000000000009|-133.206437
-0.19999999999999996 0.10000000000000009|-181.578446
-0.09999999999999998 0.10000000000000009|-70.182878
0.0 0.10000000000000009|119.849468
0.10000000000000009 0.10000000000000009|210.340360
0.20000000000000018 0.10000000000000009|111.416261
0.30000000000000004 0.10000000000000009|-54.750055
0.40000000000000013 0.10000000000000009|-75.960220
0.5 0.10000000000000009|8.407232
0.6000000000000001 0.10000000000000009|-11.099666
0.7000000000000002 0.10000000000000009|-8.638967
0.8 0.10000000000000009|10.386090
0.9000000000000001 0.10000000000000009|15.384571
1.0 0.10000000000000009|-14.613147
-1.0 0.20000000000000018|-9.505994
-0.9 0.20000000000000018|47.454527
-0.8 0.20000000000000018|-8.131260
-0.7 0.20000000000000018|3.807014
-0.6 0.20000000000000018|-15.222233
-0.5 0.20000000000000018|-1.397821
-0.3999999999999999 0.20000000000000018|15.493184
-0.29999999999999993 0.20000000000000018|-31.226142
-0.19999999999999996 0.20000000000000018|-74.286550
-0.09999999999999998 0.20000000000000018|-26.660954
0.0 0.20000000000000018|78.786355
0.10000000000000009 0.20000000000000018|132.061950
0.20000000000000018 0.20000000000000018|65.681390
0.30000000000000004 0.20000000000000018|-75.231976
0.40000000000000013 0.20000000000000018|-113.291626
0.5 0.20000000000000018|-12.792934
0.6000000000000001 0.20000000000000018|-26.264438
0.7000000000000002 0.20000000000000018|-31.988908
0.8 0.20000000000000018|23.102661
0.9000000000000001 0.20000000000000018|-0.062703
1.0 0.20000000000000018|-23.190164
-1.0 0.30000000000000004|-6.537338
-0.9 0.30000000000000004|-6.853513
-0.8 0.30000000000000004|25.472645
-0.7 0.30000000000000004|-31.489471
-0.6 0.30000000000000004|-9.096001
-0.5 0.30000000000000004|35.863396
-0.3999999999999999 0.30000000000000004|86.124310
-0.29999999999999993 0.30000000000000004|98.534890
-0.19999999999999996 0.30000000000000004|57.103505
-0.09999999999999998 0.30000000000000004|-1.071953
0.0 0.30000000000000004|-33.484219
0.10000000000000009 0.30000000000000004|-18.660500
0.20000000000000018 0.30000000000000004|3.441519
0.30000000000000004 0.30000000000000004|-47.283201
0.40000000000000013 0.30000000000000004|-76.440777
0.5 0.30000000000000004|15.160760
0.6000000000000001 0.30000000000000004|-15.607767
0.7000000000000002 0.30000000000000004|-34.020625
0.8 0.30000000000000004|21.491692
0.9000000000000001 0.30000000000000004|-8.322394
1.0 0.30000000000000004|-26.192596
-1.0 0.40000000000000013|11.502629
-0.9 0.40000000000000013|-36.022490
-0.8 0.40000000000000013|-12.636464
-0.7 0.40000000000000013|2.883343
-0.6 0.40000000000000013|-46.809770
-0.5 0.40000000000000013|-29.252120
-0.3999999999999999 0.40000000000000013|29.374787
-0.29999999999999993 0.40000000000000013|63.683975
-0.19999999999999996 0.40000000000000013|28.178963
-0.09999999999999998 0.40000000000000013|-60.914221
0.0 0.40000000000000013|-121.249678
0.10000000000000009 0.40000000000000013|-76.594467
0.20000000000000018 0.40000000000000013|17.276962
0.30000000000000004 0.40000000000000013|7.731665
0.40000000000000013 0.40000000000000013|-19.769211
0.5 0.40000000000000013|49.540083
0.6000000000000001 0.40000000000000013|-6.080437
0.7000000000000002 0.40000000000000013|-14.562058
0.8 0.40000000000000013|14.210350
0.9000000000000001 0.40000000000000013|-12.096559
1.0 0.40000000000000013|-29.618769
-1.0 0.5|-6.328076
-0.9 0.5|20.870923
-0.8 0.5|-43.363615
-0.7 0.5|-34.161179
-0.6 0.5|0.591726
-0.5 0.5|-10.568315
-0.3999999999999999 0.5|-9.790373
-0.29999999999999993 0.5|1.702673
-0.19999999999999996 0.5|-14.089657
-0.09999999999999998 0.5|-58.692099
0.0 0.5|-74.199724
0.10000000000000009 0.5|-7.268980
0.20000000000000018 0.5|67.933808
0.30000000000000004 0.5|24.912529
0.40000000000000013 0.5|14.266784
0.5 0.5|49.077325
0.6000000000000001 0.5|-2.288316
0.7000000000000002 0.5|6.185348
0.8 0.5|5.749366
0.9000000000000001 0.5|-9.261385
1.0 0.5|-26.949233
-1.0 0.6000000000000001|3.089133
-0.9 0.6000000000000001|-6.383705
-0.8 0.6000000000000001|31.688797
-0.7 0.6000000000000001|-10.616860
-0.6 0.6000000000000001|-28.690194
-0.5 0.6000000000000001|7.851930
-0.3999999999999999 0.6000000000000001|42.494057
-0.29999999999999993 0.6000000000000001|55.585342
-0.19999999999999996 0.6000000000000001|40.918853
-0.09999999999999998 0.6000000000000001|7.735930
0.0 0.6000000000000001|1.282937
0.10000000000000009 0.6000000000000001|45.986109
0.20000000000000018 0.6000000000000001|50.295369
0.30000000000000004 0.6000000000000001|-8.066143
0.40000000000000013 0.6000000000000001|28.390414
0.5 0.6000000000000001|4.466374
0.6000000000000001 0.6000000000000001|22.383182
0.7000000000000002 0.6000000000000001|1.361983
0.8 0.6000000000000001|0.441678
0.9000000000000001 0.6000000000000001|2.149085
1.0 0.6000000000000001|-5.462401
-1.0 0.7000000000000002|0.149831
-0.9 0.7000000000000002|-1.286651
-0.8 0.7000000000000002|-9.208228
-0.7 0.7000000000000002|14.722860
-0.6 0.7000000000000002|19.570981
-0.5 0.7000000000000002|3.063816
-0.3999999999999999 0.7000000000000002|-0.442562
-0.29999999999999993 0.7000000000000002|-0.928057
-0.19999999999999996 0.7000000000000002|-12.686882
-0.09999999999999998 0.7000000000000002|-19.855698
0.0 0.7000000000000002|3.536240
0.10000000000000009 0.7000000000000002|19.143554
0.20000000000000018 0.7000000000000002|-21.326933
0.30000000000000004 0.7000000000000002|-7.364946
0.40000000000000013 0.7000000000000002|-3.654309
0.5 0.7000000000000002|-12.484120
0.6000000000000001 0.7000000000000002|43.731472
0.7000000000000002 0.7000000000000002|-18.220005
0.8 0.7000000000000002|-6.270337
0.9000000000000001 0.7000000000000002|-4.269254
1.0 0.7000000000000002|-8.567673
-1.0 0.8|-13.071377
-0.9 0.8|-0.284473
-0.8 0.8|-13.931362
-0.7 0.8|2.769491
-0.6 0.8|2.608252
-0.5 0.8|-0.601649
-0.3999999999999999 0.8|-9.089849
-0.29999999999999993 0.8|-17.453981
-0.19999999999999996 0.8|-14.927026
-0.09999999999999998 0.8|-2.272171
0.0 0.8|-6.006731
0.10000000000000009 0.8|-29.678022
0.20000000000000018 0.8|-9.793853
0.30000000000000004 0.8|-16.338528
0.40000000000000013 0.8|-43.187776
0.5 0.8|41.434786
0.6000000000000001 0.8|-3.175575
0.7000000000000002 0.8|0.118448
0.8 0.8|4.287413
0.9000000000000001 0.8|-3.406072
1.0 0.8|-34.269765
-1.0 0.9000000000000001|-14.720187
-0.9 0.9000000000000001|3.472550
-0.8 0.9000000000000001|-21.457465
-0.7 0.9000000000000001|2.042025
-0.6 0.9000000000000001|-9.650853
-0.5 0.9000000000000001|-3.931489
-0.3999999999999999 0.9000000000000001|4.954693
-0.29999999999999993 0.9000000000000001|6.310386
-0.19999999999999996 0.9000000000000001|0.047181
-0.09999999999999998 0.9000000000000001|-6.814936
0.0 0.9000000000000001|2.851457
0.10000000000000009 0.9000000000000001|13.611157
0.20000000000000018 0.9000000000000001|-31.269686
0.30000000000000004 0.9000000000000001|-42.502988
0.40000000000000013 0.9000000000000001|24.900050
0.5 0.9000000000000001|9.662167
0.6000000000000001 0.9000000000000001|-12.527689
0.7000000000000002 0.9000000000000001|-0.994500
0.8 0.9000000000000001|-0.753915
0.9000000000000001 0.9000000000000001|-7.404918
1.0 0.9000000000000001|9.994330
-1.0 1.0|-7.676482
-0.9 1.0|18.155626
-0.8 1.0|2.428019
-0.7 1.0|10.936503
-0.6 1.0|-15.983502
-0.5 1.0|-0.003185
-0.3999999999999999 1.0|17.852185
-0.29999999999999993 1.0|26.549564
-0.19999999999999996 1.0|28.035442
-0.09999999999999998 1.0|16.029956
0.0 1.0|-12.041343
0.10000000000000009 1.0|-26.628914
0.20000000000000018 1.0|-6.367738
0.30000000000000004 1.0|7.690273
0.40000000000000013 1.0|1.386712
0.5 1.0|-10.697514
0.6000000000000001 1.0|4.171107
0.7000000000000002 1.0|10.654644
0.8 1.0|18.635367
0.9000000000000001 1.0|-5.264651
1.0 1.0|-2.542400
-0.041491885660531524 -0.6121758991984172|-33.963004
0.979389393659228 -0.16158547970004844|51.611357
0.9159659655124239 -0.5687831219749293|11.645568
-0.7894329376756433 0.42180118898909|-25.034895
0.5647507487748391 -0.26123377688171123|-47.212282
0.9990122424838934 0.5903236056547836|-8.662191
0.6744859974035717 -0.05902174814208294|-12.505307
0.39073841284451283 0.3955805906418721|-25.464547
-0.7061024715333184 -0.51101206043322|15.547949
0.4023471362929847 0.09987716086358267|-74.139223
0.979389393659228 -0.16158547970004844|-1.140028