0.08777411522501148 0.10405428052701003|3.632899
4.475973325418462e-06 3.9301197758435755e-06|19.873208
1.0 -1.0|-0.339966
0.09766892290704991 0.10348534306042387|4.877002
0.09766892290704991 0.10348534306042387|4.877002
1.0 -1.0|-0.339966
-1.0 0.13957589212718466|84.909958
-1.0 0.3315214031408459|-0.168696
-1.0 0.1410322805107233|83.612015
-0.8102268623685043 -0.868883738422465|-9.016529
-0.8834764846263441 0.546956245515726|61.479064
-1.0 1.0|33.324433
-1.0 0.35824254393914984|-0.364559
-0.5878888941250462 0.42110309218523967|-47.354305
-0.34461701113179255 0.7282508051140457|34.106048
-0.5226361352599616 0.47490745319407|-27.397218
-0.9622186768867977 -0.7617610727332151|4.284870
-0.8986107564806898 0.978668216819004|-28.928373
0.46558164 0.46011938|0.241835
-0.27099995  0.18662686|26.415215
